
SOLVER STARTED
C:
 [[ 1.  0.  0.  0.  0.  0. -1. -0. -0.]
 [ 0.  1.  0.  0.  0.  0. -0. -1. -0.]
 [ 0.  0.  1.  0.  0.  0. -0. -0. -1.]
 [ 0.  0.  0.  1.  0.  0. -1.  1.  0.]
 [ 0.  0.  0.  0.  1.  0.  0.  0.  1.]
 [ 0.  0.  0.  0.  0.  1.  0.  0.  0.]]
c: [1. 1. 1. 1. 1. 1. 0. 0. 0.]
d: [0.   0.   0.   0.05 0.7  1.  ]
lp solution:
	x: [1.5625000000000202e-10, 0.021804283104045568, 0.2510326116895089, 0.028195717494957064, 0.4489673891959964, 1.0000000004427525, 1.5625000000000202e-10, 0.02180428310404557, 0.2510326116895089]
	y: [8.528857431255503e-09, 0.9999999914711422, 0.9999999999901703, 0.9999999829422842, 0.9999999999803406, 0.9999999999955347]
	cost: 1.7500000020835105


iteration: 0
weights [8.52885743e-09 9.99999991e-01 1.00000000e+00 9.99999983e-01
 1.00000000e+00 1.00000000e+00]
column [1. 1. 0. 0. 0. 1.]
lp solution:
	x: [1.6466447196717507e-10, 0.019637194575594083, 0.3726120968771368, 0.03036280571188096, 0.32738790336857415, 8.526316879354793e-10, 0.9999999994348598, 1.0196371938458229, 0.37261209687713676, 0.9999999993930769]
	y: [-0.9999999823534336, 0.9999999819027913, 0.9999999992576113, 0.9999999821465207, 0.9999999985152225, 6.234641448496607e-10]
	cost: 0.7500000015504822


iteration: 1
weights [-9.99999982e-01  9.99999982e-01  9.99999999e-01  9.99999982e-01
  9.99999999e-01  6.23464145e-10]
column [0. 0. 1. 0. 0. 1.]
lp solution:
	x: [1.3483982503215444e-10, 0.019574846343138136, 1.9938351158894252e-10, 0.030425153861206526, 3.6423340842588996e-10, 7.432963208305012e-10, 0.29999999988565657, 0.319574846093956, 0.6999999997747737, 0.29999999982032083, 0.6999999996448932]
	y: [-0.9999999870316014, 0.9999999877609446, 9.940534101860933e-10, 0.9999999875520057, 9.96245071556693e-10, -1.027691828030089e-09]
	cost: 0.050000001646097726


iteration: 2
weights [-9.99999987e-01  9.99999988e-01  9.94053410e-10  9.99999988e-01
  9.96245072e-10 -1.02769183e-09]
column [0. 1. 0. 0. 0. 1.]
lp solution:
	x: [2.971849718984097e-10, 2.611870272454962e-10, 2.7347816755261047e-10, 4.2675808097907373e-10, 5.715521528916973e-10, 9.996262660145507e-10, 0.2500000002875222, 0.2999999999836768, 0.6999999996742742, 0.2500000001132499, 0.6999999995237088, 0.04999999985506553]
	y: [7.143976405699169e-09, -5.589433348852922e-09, 2.0697207378104556e-09, -5.9652571468327445e-09, 2.0424164559293503e-09, -2.148781755390826e-09]
	cost: 2.829786666581838e-09

SOLVER FINISHED
is satisfatible: True
